1 2.2402422133932953
2 8.834025054369127
3 17.42059413755929
4 30.486487840626204
5 4.051548731340077
6 31.661491761900955
7 37.41391357365878
8 21.32021215053606
9 31.883809216713043
10 23.118498507578728
11 21.367270359864698
12 24.78771459211364
13 2.416831465084784
14 34.462861201932114
15 43.12212984981187
16 8.817195426865732
17 10.451011179658027
18 44.24668697272223
19 18.026633688095973
20 46.427710622283826
21 14.95061736003453
22 14.022220717212802
23 0.07889459598700022
24 17.502322434346475
25 49.40401607398394
26 4.560751361016141
27 44.717138803288705
28 17.519341452505337
29 21.479565712187178
30 5.90589465182344
31 15.260340225851992
32 5.652953884867928
33 21.668974562677384
34 15.101242319869412
35 35.625411514911285
36 20.48678183084362
37 33.184319429002244
38 29.78798380841537
39 4.825800501191674
40 6.732623266922872
41 29.650284082085232
42 23.625449033131545
43 45.62686858498127
44 17.147052288221303
45 20.560265357119185
46 22.3543083927701
47 30.15207255894787
48 20.2295515123377
49 10.539517570593048
50 34.20657400267282
51 17.847066475580796
52 3.9465889802143828
53 36.10590985534993
54 43.48412719350823
55 30.543886599585505
56 49.46654821294421
57 24.217369730750544
58 12.868419932288571
59 44.721842728903944
60 48.8812371794609
61 13.81388020285576
62 15.92752430297637
63 40.71919386865753
64 39.74035543085973
65 38.68001573185623
66 47.19753346658796
67 4.062126612405787
68 16.25814723245248
69 21.71204093551486
70 5.268266716048197
71 5.234314072313961
72 47.38278885587876
73 18.732564746228146
74 6.100673583023558
75 22.86831335484961
76 48.89203031772546
77 22.731060820563393
78 35.33310884525292
79 13.08561355375818
80 26.239403025215147
81 46.8719044261176
82 23.799506538389252
83 16.086105516442107
84 6.483863904809156
85 31.318685651614047
86 21.26387436940153
87 21.991410875282046
88 29.833525119423676
89 4.292966087137157
90 12.912051516350903
91 46.554089747148
92 22.406741282481686
93 48.34127623565084
94 6.515352172038797
95 22.96617853430255
96 32.86896217820645
97 7.975644382697511
98 14.848063042613118
99 49.686640407404596
100 22.797544808391297
101 38.105211863509744
102 15.731024919871262
103 39.5841095042904
104 2.429215816894298
105 45.11321666133598
106 28.409333689680643
107 42.73898354541418
108 48.19168459098519
109 26.273087948982543
110 31.055730808428734
111 17.906525791654772
112 14.240803857207196
113 40.500099823213844
114 23.141749282836656
115 31.69245626059869
116 6.533475213371798
117 49.87428038416517
118 39.73396397059579
119 36.99096888674135
120 23.925174421715006
121 8.869711535512275
122 1.8964067340704993
123 48.86668546593789
124 20.29521973230236
125 29.799077518649113
126 1.065747557741975
127 24.647050916875983
128 13.613861478862777
129 32.450079830238906
130 21.267935374969422
131 17.274017387948764
132 12.486860143732237
133 39.2707144837177
134 28.64711923441777
135 19.180015866453427
136 39.128666738698925
137 6.314192249551237
138 35.5474347018045
139 8.185591518861902
140 5.289059921554184
141 18.063926594751955
142 40.98431379230075
143 48.95167201859723
144 37.73651271551391
145 1.4337080802893587
146 43.59265493167525
147 28.10821233462694
148 12.609331145950808
149 22.104669194625888
150 48.693527972493264
151 8.899645900954384
152 22.29555347885473
153 19.337432077011503
154 2.930192831498596
155 21.64982987791348
156 2.0150233526339045
157 41.04319394236363
158 37.794214542689694
159 40.49302684734918
160 30.635633314281247
161 18.44933686036812
162 17.83002926686744
163 40.27102885128859
164 43.280091541827396
165 26.573878089630696
166 4.019952664401577
167 32.33848109435938
168 5.652106986613864
169 1.373979468073594
170 1.6487431912127315
171 37.26771147390263
172 46.71396116671683
173 31.95841528284125
174 7.2561278875134585
175 1.8307286977666815
176 38.275564750037496
177 9.694582384658407
178 11.51701743717623
179 18.818151077189903
180 32.785910208745975
181 36.3068586759227
182 37.066978534094105
183 49.218787939550786
184 22.03373207411643
185 48.13587590020717
186 36.33041692945444
187 31.30169848007779
188 11.406156197391843
189 17.236080415723848
190 40.32886572412248
191 5.430544495400602
192 45.1368111777588
193 1.2269691922869808
194 36.78028057687162
195 24.329650574533257
196 36.826612066744765
197 29.928172822715833
198 1.6994973712171901
199 41.383449137101586
200 29.912655582086472
201 29.676209101662305
202 28.36828008213979
203 9.357617565928699
204 17.00108941763869
205 45.23432401180871
206 22.726686761460474
207 27.833854591949965
208 13.038925271061858
209 41.99048860672433
210 2.4442388095212153
211 27.746611439722674
212 3.185774011384934
213 22.281990413828957
214 15.078146456672915
215 42.33935833873068
216 43.67635247328946
217 27.409339074685107
218 36.21903376902074
219 18.584264514252396
220 23.755696507413322
221 6.80967780687991
222 10.185396153240124
223 6.94510073331267
224 30.30089842155734
225 36.3804238502087
226 16.246277878636295
227 1.7329383971620704
228 33.27630409904466
229 42.48507675820492
230 38.88918994498731
231 37.692731911982364
232 47.402806998400145
233 35.75427718294771
234 6.239741038291047
235 11.157548949026246
236 48.730057235429456
237 2.5091747567861313
238 20.564592714041645
239 25.53985609961003
240 3.359720949466205
241 17.17405995358419
242 49.82847432838026
243 7.201560803435974
244 27.409973964628705
245 5.701949406648904
246 27.233858846657004
247 11.063622226115067
248 47.77900160033945
249 36.15338412290593
250 33.37175142054307
251 37.44389393570999
252 7.370560217243661
253 6.322354772818517
254 2.826184785382452
255 36.77854155327797
256 11.591671102505085
257 22.244350809244672
258 34.791255730090725
259 18.6088757836023
260 5.134430439799731
261 38.27870709145913
262 2.712685471938797
263 16.34288528290219
264 40.22438366555734
265 29.316091302143704
266 35.41394271460065
267 18.664388231690648
268 32.3508428210582
269 29.98075002739306
270 45.92105630989863
271 35.453873130945944
272 0.9768324506298331
273 43.97384456343658
274 9.895483782263554
275 44.69190392865095
276 0.7644092122099932
277 48.173614523874555
278 47.26034979640467
279 39.482159786616705
280 39.86998946939174
281 15.864021616128616
282 42.33958212772233
283 37.537289236198
284 12.888330906120027
285 0.3391757703303466
286 41.741416792015265
287 18.39930583187897
288 13.354684877887818
289 17.786479447088176
290 35.811284582513395
291 23.156631159527976
292 1.4600094432454747
293 38.14125543481987
294 17.420361327508072
295 26.972724869357762
296 9.916177541342874
297 10.953921897983493
298 5.017001171770313
299 25.953493341773793
300 44.74642720314848
